# image size
150 150 

# vertex list
14
75 10
50 40
100 40
30 75
120 75
50 110
100 110
75 140
60 90
90 90
40 60
110 60
40 115
110 115

#face list
20
1 2 3 255 0 0 255 0 0 255 0 0
2 4 3 255 100 0 255 100 0 255 100 0
3 4 5 255 150 0 255 150 0 255 150 0
4 6 5 255 200 0 255 200 0 255 200 0
5 6 7 255 255 0 255 255 0 255 255 0
6 8 7 200 255 0 200 255 0 200 255 0
2 9 4 150 255 0 150 255 0 150 255 0
3 5 10 100 255 0 100 255 0 100 255 0
4 9 11 50 255 0 50 255 0 50 255 0
5 10 12 0 255 0 0 255 0 0 255 0
6 11 9 0 255 100 0 255 100 0 255 100
7 10 12 0 255 150 0 255 150 0 255 150
6 13 8 0 255 200 0 255 200 0 255 200
7 14 8 0 255 255 0 255 255 0 255 255
13 9 11 0 200 255 0 200 255 0 200 255
14 10 12 0 150 255 0 150 255 0 150 255
1 2 9 0 100 255 0 100 255 0 100 255
1 3 10 0 50 255 0 50 255 0 50 255
1 11 12 0 0 255 0 0 255 0 0 255
1 13 14 50 0 255 50 0 255 50 0 255
