# image size
150 150 

# vertex list
20
4 75
15 43
11 85
17 118
40 115
56 143
84 131
101 141
122 112
131 111
143 83
137 46
123 63
86 91
41 62
85 44
106 23
78 8
57 19
39 18

#face list
27
1 2 3 255 0 0 255 0 0 255 0 0
1 3 4 255 165 0 255 165 0 255 165 0
3 5 4 255 255 0 255 255 0 255 255 0
4 5 6 0 255 0 0 255 0 0 255 0
5 7 6 0 255 255 0 255 255 0 255 255
6 7 8 0 0 255 0 0 255 0 0 255
7 9 8 75 0 130 75 0 130 75 0 130
8 9 10 148 0 211 148 0 211 148 0 211
9 11 10 255 20 147 255 20 147 255 20 147
9 13 11 199 21 133 199 21 133 199 21 133
13 12 11 139 69 19 139 69 19 139 69 19
12 13 17 255 105 180 255 105 180 255 105 180
13 16 17 173 216 230 173 216 230 173 216 230
13 14 16 0 191 255 0 191 255 0 191 255
14 15 16 0 250 154 0 250 154 0 250 154
14 5 15 127 255 0 127 255 0 127 255 0
15 19 16 218 165 32 218 165 32 218 165 32
16 19 17 75 0 130 75 0 130 75 0 130
19 18 17 255 69 0 255 69 0 255 69 0
19 20 18 128 0 128 128 0 128 128 0 128
19 2 20 60 179 113 60 179 113 60 179 113
19 15 2 238 130 238 238 130 238 238 130 238
2 15 3 123 104 238 123 104 238 123 104 238
3 15 5 47 79 79 47 79 79 47 79 79
5 14 7 154 205 50 154 205 50 154 205 50
14 9 7 255 140 0 255 140 0 255 140 0
14 13 9 0 206 209 0 206 209 0 206 209
